ApexWarriors|20220001, 20220002, 20220003|2|448
BluePhoenix|20220004, 20220005, 20220006|6|440
CrimsonVortex|20220007, 20220008, 20220009|2|1435
NebulaRiders|20220010, 20220011, 20220012|13|1388
ShadowLegion|20220013, 20220014, 20220015|6|332
IronTitans|20220016, 20220017, 20220018|7|1583
QuantumStrike|20220019, 20220020, 20220021|10|886
SolarEclipse|20220022, 20220023, 20220024|11|1475
FrostGuard|20220025, 20220026, 20220027|11|541
NightRaiders|20220028, 20220029, 20220030|1|1003
CyberFalcons|20220031, 20220032, 20220033|6|1367
TitanCore|20220034, 20220035, 20220036|8|405
EchoStorm|20220037, 20220038, 20220039|10|370
NovaSpectre|20220040, 20220041, 20220042|7|771
BlazeForce|20220043, 20220044, 20220045|9|1525
RogueWolves|20220046, 20220047, 20220048|5|181
EmeraldSquad|20220049, 20220050, 20220051|7|253
ZeroGravity|20220052, 20220053, 20220054|3|1326
DigitalHawks|20220055, 20220056, 20220057|3|1093
HyperNova|20220058, 20220059, 20220060|5|1505
CrimsonBlades|20220061, 20220062, 20220063|4|1107
ArcticFoxes|20220064, 20220065, 20220066|10|955
LightningCrew|20220067, 20220068, 20220069|3|1075
BlueDragons|20220070, 20220071, 20220072|8|561
PhantomByte|20220073, 20220074, 20220075|2|204
SkyRangers|20220076, 20220077, 20220078|12|289
ChaosTheory|20220079, 20220080, 20220081|10|730
ThunderCats|20220082, 20220083, 20220084|9|1567
IronWings|20220085, 20220086, 20220087|3|1464
MysticShadow|20220088, 20220089, 20220090|8|1432
ViperStrike|20220091, 20220092, 20220093|3|837
GoldenEagles|20220094, 20220095, 20220096|2|519
StormRiders|20220097, 20220098, 20220099|9|499
LunarSquad|20220100, 20220101, 20220102|11|729
OmegaForce|20220103, 20220104, 20220105|5|463
PixelRage|20220106, 20220107, 20220108|12|633
NebulaFox|20220109, 20220110, 20220111|10|448
StarGuard|20220112, 20220113, 20220114|4|1339
DarkMatter|20220115, 20220116, 20220117|6|1042
WindRunners|20220118, 20220119, 20220120|1|540
FireStorm|20220121, 20220122, 20220123|12|223
NeoGenesis|20220124, 20220125, 20220126|13|1102
GhostProtocol|20220127, 20220128, 20220129|5|56
TurboBytes|20220130, 20220131, 20220132|13|1280
RedComet|20220133, 20220134, 20220135|4|823
AquaRays|20220136, 20220137, 20220138|12|1138
VoidSpectre|20220139, 20220140, 20220141|10|206
CyberMonkeys|20220142, 20220143, 20220144|8|765
FrostNova|20220145, 20220146, 20220147|0|1248
CrystalByte|20220148, 20220149, 20220150|9|1413
NightShift|20220151, 20220152, 20220153|9|1015
ZenMatrix|20220154, 20220155, 20220156|10|1342
RocketBytes|20220157, 20220158, 20220159|12|817
SilverArrows|20220160, 20220161, 20220162|2|563
GoldenFalcons|20220163, 20220164, 20220165|4|456
RapidFire|20220166, 20220167, 20220168|3|333
SolarFlare|20220169, 20220170, 20220171|8|1372
StarRunners|20220172, 20220173, 20220174|10|779
ShadowUnit|20220175, 20220176, 20220177|2|356
NeonStorm|20220178, 20220179, 20220180|2|1062
NovaPrime|20220181, 20220182, 20220183|1|1234
InfinityLoop|20220184, 20220185, 20220186|1|1597
FireHawks|20220187, 20220188, 20220189|8|1499
ThunderForce|20220190, 20220191, 20220192|12|165
CrimsonShift|20220193, 20220194, 20220195|2|1414
NightFlame|20220196, 20220197, 20220198|1|1275
IronPulse|20220199, 20220200, 20220201|13|428
StormBlaze|20220202, 20220203, 20220204|12|105
BlueSpectre|20220205, 20220206, 20220207|13|840
TitanRex|20220208, 20220209, 20220210|0|1241
ApexLegends|20220211, 20220212, 20220213|8|741
FrozenLight|20220214, 20220215, 20220216|10|1120
ZenithForce|20220217, 20220218, 20220219|12|1265
BlackAlpha|20220220, 20220221, 20220222|0|1524
AmberTech|20220223, 20220224, 20220225|6|63
MysticByte|20220226, 20220227, 20220228|4|934
CyberStorm|20220229, 20220230, 20220231|8|1147
NovaBlitz|20220232, 20220233, 20220234|10|1243
ArcaneBoost|20220235, 20220236, 20220237|11|1554
FrostWings|20220238, 20220239, 20220240|6|459
DarkSynergy|20220241, 20220242, 20220243|0|889
Ultraviolet|20220244, 20220245, 20220246|9|1039
RogueNation|20220247, 20220248, 20220249|7|633
OrangePulse|20220250, 20220251, 20220252|1|73
NightOwls|20220253, 20220254, 20220255|4|776
QuantumForce|20220256, 20220257, 20220258|0|1007
MirageGuard|20220259, 20220260, 20220261|2|465
AquaStrike|20220262, 20220263, 20220264|7|1060
DeltaForce|20220265, 20220266, 20220267|5|608
RedVortex|20220268, 20220269, 20220270|5|757
SilverNova|20220271, 20220272, 20220273|4|1286
RapidNova|20220274, 20220275, 20220276|9|1593
SkyBreakers|20220277, 20220278, 20220279|7|1049
NeoArcadia|20220280, 20220281, 20220282|5|73
HelixCrew|20220283, 20220284, 20220285|12|1011
StormBreakers|20220286, 20220287, 20220288|5|65
LavaHounds|20220289, 20220290, 20220291|4|1306
GoldenEcho|20220292, 20220293, 20220294|12|605
CrystalStorm|20220295, 20220296, 20220297|4|125